0: 191,104,70,84
1: 97,196,181
2: 130,194,224,157,35,200
3: 101,307,222,206,117,53,274
4: 59,289,110,182,60
6: 119,128,153,71,233,244,320
70: 239,104,285,0,305,84
94: 202,190,315,263,58
9: 108,246,273,137,195,251
11: 144,313,161
12: 201,265,65,140,212
13: 163,258,166
129: 117,223
19: 16,89,207,228,286,218
16: 19,207,286
225: 222,278,117
18: 184,308,260,90,106,293
20: 136,280,247,230,88,137,29
21: 210,254,311,318
22: 156,317,288,235,192,312
23: 100,321,86,156
24: 170,62,212,294
25: 126,229,221,133
26: 81,281,314,262,164
27: 47,300,147,112,178
28: 176,214,275,301
29: 92,287,20,230,137
30: 122,243,50
31: 63,309,269,238,177
32: 96,290,168,284,282,165
33: 95,224,202,106,293
58: 263,94,155
35: 157,253,128,2,200,231,240
36: 193,198,48,291,154,79,152
37: 268,203,161,78,188,271
38: 124,170,223
39: 306,116,150,68,279,120
101: 307,3,274,189
41: 216,209,191,131
86: 172,181,49,185,23,321
43: 245,264,256,132,283
44: 135,285,305,229,220
156: 22,288,23,100,321,158
46: 167,279,314,195,272,287
47: 27,292,147
48: 198,36,226,152
49: 185,283,196,256,181,86
50: 310,30
51: 174,113,148,297,204
52: 109,258,215,269,309
53: 121,73,179,206,307,3
54: 186,125,141,248,59
55: 112,261,178,241,232
215: 298,87,109,52
77: 147,246,273,138,88
59: 4,289,110,186,54,141,96
60: 182,4,289
61: 199,316,98
62: 124,213,69,255,212,170,24
63: 31,87,302,177,183
64: 161,78,240,231,313
65: 151,140,227,205,255,12
176: 28,214,275,76,216,209
67: 303,203,175,188,319
68: 279,314,39,120
69: 255,205,213,62
71: 177,233,183,244,6
72: 130,194,257
73: 121,53,306,179,197,228,211
128: 6,119,233,35,253,240
224: 95,33,157,194,2
76: 176,275,209
78: 64,161,240,119,37,268
79: 154,36,152
80: 132,83,317,245,210,276
81: 26,281,207,120,322,286,142
117: 129,259,225,222,3,274
83: 80,317,210,318,192,169
84: 0,239,70
87: 171,215,193,63,309,291
88: 137,138,280,20,77,273
89: 19,180,286
90: 149,238,260,18,184
91: 242,230,266,234,247,151,140
92: 29,272,287,242,230,201
93: 212,294,265,116,173
95: 224,33,202,155,257,194
96: 32,290,141,59,289,282
97: 174,113,1
98: 260,166,61
99: 245,264,160,118,226
100: 23,156,158,249
102: 244,162,183,254,311,175,320
103: 139,235,115,296
104: 285,214,216,191,0,70
105: 298,198
106: 293,260,202,190,18,33
107: 206,294,278,173
108: 9,299,195,167,164
109: 258,52,215
110: 186,208,232,182,4,59
111: 182,236,208
112: 55,261,178,27,300
113: 51,174,148,97,196,256
114: 145,217,200,231,144,313
115: 296,188,271,319,103
116: 306,39,265,150,93,173
118: 226,304,99,245,210
119: 6,128,153,78,240,268
120: 207,197,322,68,306,39,81
121: 53,73,307,211
122: 218,243,30
123: 227,250,266
124: 213,62,38,170
125: 241,251,299,186,54,248
126: 25,229,220
318: 303,210,21,311,83,169
130: 72,194,2,200,237,217
131: 219,41,209
132: 80,43,245,283,276
133: 277,221,25
134: 252,277
135: 44,214,285
136: 280,20,247,143
137: 88,195,20,273,29,287,9
138: 292,77,88
139: 103,235,312
140: 65,151,91,242,201,12
141: 262,248,54,59,96,290
142: 168,180,286,81,281
143: 250,234,136,247
144: 11,313,114
145: 114,217
146: 274,259
147: 77,246,27,47,178
148: 51,113,204,264,256
149: 269,238,90,166
150: 201,265,272,279,39,116
151: 65,140,266,227,91
152: 226,304,36,48,154,79
153: 6,119,244,175,320,268
154: 291,79,302,36,152,304,162
155: 202,58,95,257
157: 35,253,293,308,224,2
158: 312,156,100
315: 199,94
160: 204,267,226,99,264
161: 64,78,37,11
162: 102,154,302,304,183,254
163: 13,270,258
164: 262,248,108,299,167,314,26
165: 32,168,180,284
166: 98,13,149
167: 46,314,195,108,164
168: 180,142,281,32,290,165
169: 235,192,83,318,303,296,319
170: 295,24,124,62,38
171: 87,309
172: 181,86,321
173: 179,294,93,116,206,107
174: 51,113,297,97
175: 203,320,102,311,153,67
177: 71,183,238,31,63,184
178: 112,55,27,147,246,241
179: 173,306,206,53,73
180: 168,286,142,89,165
181: 172,86,196,1,49
182: 111,208,110,4,60
183: 71,177,63,302,244,102,162
184: 18,308,238,90,177,233
185: 49,283,288,276,86
186: 110,54,241,125,232,59
286: 180,142,81,207,16,19,89
188: 115,271,319,203,67,37
189: 310,101,307,243
190: 202,94,199,106
191: 216,41,104,0
192: 235,169,83,317,22
193: 198,36,298,87,291
194: 72,130,2,95,224,257
195: 137,287,9,108,46,167
196: 256,113,1,49,181
197: 207,120,228,322,306,73
198: 193,36,105,298,48
199: 61,316,315,190
200: 231,35,130,2,114,217
201: 12,265,150,242,140,92,272
202: 94,190,106,155,95,33
203: 175,67,37,268,188,319
204: 267,160,51,148,264
205: 227,65,69
206: 222,107,173,179,53,3
207: 197,120,228,322,81,286,16,19
208: 232,236,110,111,182
209: 216,41,76,131,176
210: 254,21,118,245,80,83,318
211: 218,243,228,121,73
212: 294,93,255,62,12,24
213: 124,62,69
214: 28,176,216,135,104,285
216: 41,209,191,176,214,104
217: 145,114,130,200,237
218: 122,211,243,228,19
219: 131
220: 229,44,126
221: 239,305,229,25,133
222: 225,206,278,117,3
223: 38,295,129
226: 118,152,48,160,99
227: 123,266,205,65,151
228: 207,197,73,19,218,211
229: 305,220,44,221,25,126
230: 91,242,20,247,29,92
231: 200,35,64,240,114,313
232: 208,55,110,186
233: 71,184,253,6,128
234: 250,266,143,247,91
235: 192,169,22,139,103,312
236: 208,111
237: 130,217
238: 269,149,90,31,184,177
239: 221,70,84,252
240: 64,78,35,119,128,231
241: 125,251,55,178,186
242: 91,230,140,92,201
243: 122,218,211,189,30
244: 102,71,183,6,153,320
245: 43,99,118,210,132,80
246: 77,147,273,178,251,9
247: 136,20,143,234,91,230
248: 141,262,164,125,299,54
249: 100
250: 234,143,123
251: 241,125,246,9,299
252: 239,134
253: 157,35,308,233,128
254: 210,21,311,304,102,162
255: 69,65,62,212
256: 196,113,148,43,49,283
257: 155,95,72,194
258: 109,52,13,163
259: 117,146,274
260: 98,90,106,18
261: 112,55
262: 141,164,248,26,281,290
263: 94,58
264: 43,99,204,160,148
265: 201,12,150,93,116
266: 234,123,227,91,151
267: 204,160
268: 37,119,153,203,78
269: 149,238,52,31,309
270: 163
271: 115,188,37
272: 92,287,201,150,46,279
273: 77,246,88,137,9
274: 146,117,259,101,3
275: 28,176,76
276: 185,283,288,132,80,317
277: 133,134
278: 295,225,222,107
279: 46,68,272,150,39
280: 136,20,88
281: 81,26,262,290,168,142
282: 284,289,32,96
283: 49,185,276,43,256,132
284: 
285: 104,214,135,44,305,70
287: 29,92,272,137,195,46
288: 185,276,317,22,156
289: 4,59,96,60,282
290: 32,96,141,262,281,168
291: 154,302,87,193,36
292: 138,47
293: 106,18,308,33,157
294: 212,93,24,173,107
295: 170,278,223
296: 115,319,303,169,103
297: 51,174
298: 215,105,193,198
299: 108,125,251,164,248
300: 27,112
301: 28
302: 291,154,63,183,162
303: 67,318,169,296,319
304: 118,152,154,162,254
305: 229,44,285,221,70
306: 39,116,179,197,120,73
307: 101,3,121,53,189
308: 18,184,293,157,253
309: 31,52,171,87,269
310: 50,189
311: 254,21,102,175,318
312: 158,235,22,139
313: 144,11,231,64,114
314: 46,68,167,164,26
316: 61,199
317: 80,83,288,276,192,22
319: 115,296,188,203,67,303,169
320: 175,244,102,6,153
321: 23,172,86,156
322: 207,197,120,81